-4420
-1720
3620
-6100
1010
6770
-3490
-1690
-4390
2240
-4840
6020
-910
-1600
-7420
-550
5420
3650
-3550
-340
1670
-3280
3170
-130
3410
-2830
50
-160
6230
4070
-3250
-2230
-4030
5540
2840
5150
-5860
-1180
-2170
1700
7130
-1240
-3490
-3820
-7330
2810
-160
-2470
-2050
3500
5180
-2770
-6160
6170
3230
3950
-520
-2080
-1300
-4870
-7630
-550
5840
3320
1820
3140
1850
-4840
-310
-460
-1180
3680
-1720
2690
-4570
-6400
4820
-1510
-670
4760
-820
3710
-4270
3410
5930
1220
-1720
6650
-1270
3620
-2410
3320
-4930
-1630
4940
5840
830
-1570
-6040
-700
2090
-2230
7400
-2470
-2440
2600
2480
3050
-4840
3320
4100
1640
1070
-7840
-4120
-1420
2780
-6820
-5320
-400
-1600
1580
-280
4010
-3580
-460
-39.9998
2030
-4600
1550
5210
2120
230
-2560
4490
3230
650
-3850
7190
-3490
3680
8630
320
7550
-1390
-4690
-5680
-4330
-6190
2330
1850
1520
-1240
-400
5150
3410
5030
-1450
-640
-2140
-3100
-4180
-760
-2680
2210
-580
3920
2240
6470
1430
2210
-3370
-3970
-3340
-4690
3050
-4300
7070
6770
-1390
3620
-1870
2240
-1930
-3010
2660
-970.001
-1210
-2920
-5830
-3160
-3610
7760
3320
8060
-580
1220
1520
-1390
-3400
4610
-1750
920
-670
6290
200
4940
-4480
-670
6260
-1660
-3370
-160
-5050
5240
1940
5210
6800
-730
2540
5090
-160
7010
3320
-2320
-4360
-4810
-4060
5300
-1150
-3400
-2500
-130
-940.001
1910
3410
6020
1640
6620
1280
1490
-1330
2480
-220
1130
-1900
5240
4910
-3130
5150
-3040
5930
5060
8240
-310
-2230
-7030
740
-7240
-4510
1670
-4960
2570
1010
-70
1340
770
-1210
5480
-1870
4340
3860
-2770
-7120
-3760
-2830
-1000
3980
5690
1580
2000
-6460
-1870
-2620
-100
3110
7340
3620
-940
1910
-40.0001
-2380
4160
3050
650
650
3440
-490
1940
-3940
110
7520
5420
-4180
2450
710
1160
-1300
50
140
-4870
1580
-100
1040
5720
-1960
-4660
-4930
-160
-70
590
-2350
1310
4850
230
2810
1580
4340
200
3290
1040
-2770
-5830
-2800
1940
-3520
-5890
950
-5770
-6340
-4060
6710
-5290
-220
-3220
5570
-4090
-3700
6170
3470
3620
4460
-3130
-5050
1970
-7030
-2320
1160
1370
5390
-4930
1010
2600
6890
-5080
-2710
1070
-1750
-5800
-640
-2890
-2110
5150
-700
-1060
-220
1820
6320
-4330
-4480
2420
-2650
6470
2360
-3550
4010
4160
6170
-4270
-3940
4910
5900
-4540
-3700
-3880
3140
6800
4670
860
2510
-2350
4580
4460
530
-4510
4070
-790
2120
3320
-6760
-1000
-4060
-7060
-3880
-6820
-6610
4790
-3520
-4600
-3700
-3610
6110
2120
-760
290
-4480
-1870
2630
-4780
1850
-3370
1970
2450
4550
-3550
-220
3290
-3400
-3880
-1210
4460
-4840
-2950
-5050
7340
-1690
-910
-1510
-5530
170
7640
-4090
-7120
5510
-2080
-6580
5300
2210
-7870
-4780
6380
3620
-1450
-2170
-8230
-4030
3500
2450
2420
-2890
-7180
2360
-6430
2240
1670
-1270
-5230
-250
3050
-6250
6650
-1420
-1450
-1600
-820
-4900
170
-6310
3140
4850
6590
-2290
-160
-1690
1520
-5320
-790
-3550
5570
-5020
